# hkl     multiplicity     d_hkl     |F|^2
 1  1  1         8       2.338     177.986
 2  0  0         6       2.025     174.052
 2  2  0        12       1.432     159.166
 3  1  1        24       1.221     148.843
 2  2  2         8       1.169     145.553
 4  0  0         6       1.012     133.105
 3  3  1        24       0.929     124.473
 4  2  0        24       0.905     121.721
 4  2  2        24       0.826     111.311
 3  3  3         8       0.779     104.092
 5  1  1        24       0.779     104.092
 4  4  0        12       0.716      93.086
 5  3  1        48       0.684      87.049
 4  4  2        24       0.675      85.125
 6  0  0         6       0.675      85.125
 6  2  0        24       0.640      77.844
 5  3  3        24       0.617      72.796
 6  2  2        24       0.610      71.187
 4  4  4         8       0.584      65.099
 5  5  1        24       0.567      60.877
 7  1  1        24       0.567      60.877
 6  4  0        24       0.561      59.531
 6  4  2        48       0.541      54.440
 7  3  1        48       0.527      50.909
 5  5  3        24       0.527      50.909
 8  0  0         6       0.506      45.526
 7  3  3        24       0.495      42.573
 6  4  4        24       0.491      41.632
 8  2  0        24       0.491      41.632
 8  2  2        24       0.477      38.072
 6  6  0        12       0.477      38.072
 5  5  5         8       0.468      35.603
 7  5  1        48       0.468      35.603
 6  6  2        24       0.464      34.816
 8  4  0        24       0.453      31.838
 7  5  3        48       0.444      29.773
 8  4  2        48       0.442      29.115
 6  6  4        24       0.432      26.625
 8  4  4        24       0.413      22.266
 7  5  5        24       0.407      20.822
 7  7  1        24       0.407      20.822
 8  6  0        24       0.405      20.361
 8  6  2        48       0.397      18.620
 7  7  3        24       0.391      17.412
 6  6  6         8       0.390      17.028
 8  6  4        48       0.376      14.240
 7  7  5        24       0.365      12.177
 8  8  0        12       0.358      10.890
 8  8  2        24       0.352       9.958
 8  6  6        24       0.347       9.107
 8  8  4        24       0.337       7.616
 7  7  7         8       0.334       7.122
 8  8  6        24       0.316       4.870
 8  8  8         8       0.292       2.605
