# hkl     multiplicity     d_hkl     |F|^2
 1  1  1         8       2.084     902.521
 2  0  0         6       1.805     886.271
 2  2  0        12       1.276     824.144
 3  1  1        24       1.088     780.424
 2  2  2         8       1.042     766.372
 4  0  0         6       0.902     712.651
 3  3  1        24       0.828     674.845
 4  2  0        24       0.807     662.695
 4  2  2        24       0.737     616.240
 3  3  3         8       0.695     583.550
 5  1  1        24       0.695     583.550
 4  4  0        12       0.638     532.873
 5  3  1        48       0.610     504.605
 4  4  2        24       0.602     495.519
 6  0  0         6       0.602     495.519
 6  2  0        24       0.571     460.784
 5  3  3        24       0.551     436.340
 6  2  2        24       0.544     428.483
 4  4  4         8       0.521     398.447
 5  5  1        24       0.506     377.310
 7  1  1        24       0.506     377.310
 6  4  0        24       0.501     370.517
 6  4  2        48       0.482     344.544
 7  3  1        48       0.470     326.266
 5  5  3        24       0.470     326.266
 8  0  0         6       0.451     297.933
 7  3  3        24       0.441     282.128
 6  4  4        24       0.438     277.048
 8  2  0        24       0.438     277.048
 8  2  2        24       0.425     257.627
 6  6  0        12       0.425     257.627
 5  5  5         8       0.417     243.960
 7  5  1        48       0.417     243.960
 6  6  2        24       0.414     239.568
 8  4  0        24       0.404     222.774
 7  5  3        48       0.396     210.956
 8  4  2        48       0.394     207.158
 6  6  4        24       0.385     192.637
 8  4  4        24       0.368     166.576
 7  5  5        24       0.363     157.739
 7  7  1        24       0.363     157.739
 8  6  0        24       0.361     154.899
 8  6  2        48       0.354     144.041
 7  7  3        24       0.349     136.400
 6  6  6         8       0.347     133.944
 8  6  4        48       0.335     115.823
 7  7  5        24       0.326     101.991
 8  8  0        12       0.319      93.134
 8  8  2        24       0.314      86.605
 8  6  6        24       0.310      80.534
 8  8  4        24       0.301      69.639
 7  7  7         8       0.298      65.945
 8  8  6        24       0.282      48.421
 8  8  8         8       0.261      29.114
