# hkl     multiplicity     d_hkl     |F|^2
 1  1  1         8       2.858    1302.352
 2  0  0         6       2.475    1262.728
 2  2  0        12       1.750    1115.928
 3  1  1        24       1.492    1017.140
 2  2  2         8       1.429     986.194
 4  0  0         6       1.238     871.542
 3  3  1        24       1.136     794.389
 4  2  0        24       1.107     770.220
 4  2  2        24       1.010     680.677
 3  3  3         8       0.953     620.420
 5  1  1        24       0.953     620.420
 4  4  0        12       0.875     531.610
 5  3  1        48       0.837     484.549
 4  4  2        24       0.825     469.807
 6  0  0         6       0.825     469.807
 6  2  0        24       0.783     415.189
 5  3  3        24       0.755     378.434
 6  2  2        24       0.746     366.921
 4  4  4         8       0.714     324.264
 5  5  1        24       0.693     295.558
 7  1  1        24       0.693     295.558
 6  4  0        24       0.686     286.566
 6  4  2        48       0.661     253.251
 7  3  1        48       0.644     230.832
 5  5  3        24       0.644     230.832
 8  0  0         6       0.619     197.790
 7  3  3        24       0.605     180.280
 6  4  4        24       0.600     174.795
 8  2  0        24       0.600     174.795
 8  2  2        24       0.583     154.474
 6  6  0        12       0.583     154.474
 5  5  5         8       0.572     140.799
 7  5  1        48       0.572     140.799
 6  6  2        24       0.568     136.515
 8  4  0        24       0.553     120.645
 7  5  3        48       0.543     109.965
 8  4  2        48       0.540     106.619
 6  6  4        24       0.528      94.224
 8  4  4        24       0.505      73.589
 7  5  5        24       0.497      67.075
 7  7  1        24       0.497      67.075
 8  6  0        24       0.495      65.034
 8  6  2        48       0.485      57.473
 7  7  3        24       0.479      52.385
 6  6  6         8       0.476      50.792
 8  6  4        48       0.460      39.668
 7  7  5        24       0.446      31.953
 8  8  0        12       0.438      27.379
 8  8  2        24       0.431      24.196
 8  6  6        24       0.424      21.383
 8  8  4        24       0.413      16.700
 7  7  7         8       0.408      15.222
 8  8  6        24       0.387       9.002
 8  8  8         8       0.357       3.790
