# hkl     multiplicity     d_hkl     |F|^2
 1  0  0         6       2.555      45.748
 0  0  2         2       2.340      45.459
 1  0  1        12       2.242       0.000
 1  0  2        12       1.726      43.986
 1  1  0         6       1.475      42.831
 1  0  3        12       1.331       0.000
 2  0  0         6       1.277      41.444
 1  1  2        12       1.248      41.182
 2  0  1        12       1.232       0.000
 0  0  4         2       1.170      40.409
 2  0  2        12       1.121      39.848
 1  0  4        12       1.064      39.099
 2  0  3        12       0.988       0.000
 2  1  0        12       0.966      37.545
 2  1  1        24       0.946       0.000
 1  1  4        12       0.917      36.607
 2  1  2        24       0.893      36.099
 1  0  5        12       0.879       0.000
 2  0  4        12       0.863      35.421
 3  0  0         6       0.852      35.151
 3  0  1        12       0.838       0.000
 2  1  3        24       0.821       0.000
 3  0  2        12       0.800      33.798
 0  0  6         2       0.780      33.207
 2  0  5        12       0.755       0.000
 3  0  3        12       0.747       0.000
 1  0  6        12       0.746      32.131
 2  1  4        24       0.745      32.088
 2  2  0         6       0.738      31.844
 3  1  0        12       0.709      30.812
 2  2  2        12       0.703      30.618
 3  1  1        24       0.701       0.000
 1  1  6        12       0.690      30.082
 3  0  4        12       0.689      30.043
 3  1  2        24       0.678      29.626
 2  1  5        24       0.672       0.000
 2  0  6        12       0.666      29.108
 1  0  7        12       0.647       0.000
 3  1  3        24       0.645       0.000
 4  0  0         6       0.639      27.914
 4  0  1        12       0.633       0.000
 3  0  5        12       0.630       0.000
 2  2  4        12       0.624      27.216
 4  0  2        12       0.616      26.839
 2  1  6        24       0.607      26.369
 3  1  4        24       0.606      26.335
 2  0  7        12       0.592       0.000
 4  0  3        12       0.591       0.000
 3  2  0        12       0.586      25.287
 0  0  8         2       0.585      25.228
 3  2  1        24       0.582       0.000
 3  0  6        12       0.575      24.688
 1  0  8        12       0.570      24.410
 3  2  2        24       0.569      24.314
 3  1  5        24       0.565       0.000
 4  0  4        12       0.561      23.857
 4  1  0        12       0.557      23.675
 4  1  1        24       0.554       0.000
 2  1  7        24       0.550       0.000
 3  2  3        24       0.549       0.000
 1  1  8        12       0.544      22.854
 4  1  2        24       0.542      22.764
 2  2  6        12       0.536      22.366
 2  0  8        12       0.532      22.114
 4  0  5        12       0.528       0.000
 3  0  7        12       0.526       0.000
 4  1  3        24       0.525       0.000
 3  1  6        24       0.524      21.641
 3  2  4        24       0.524      21.613
 5  0  0         6       0.511      20.753
 5  0  1        12       0.508       0.000
 4  1  4        24       0.503      20.235
 2  1  8        24       0.500      20.033
 5  0  2        12       0.499      19.954
 3  2  5        24       0.497       0.000
 4  0  6        12       0.494      19.605
 3  3  0         6       0.492      19.430
 3  1  7        24       0.486       0.000
 5  0  3        12       0.486       0.000
 4  2  0        12       0.483      18.801
 3  0  8        12       0.482      18.756
 3  3  2        12       0.481      18.682
 4  2  1        24       0.480       0.000
 4  1  5        24       0.479       0.000
 4  2  2        24       0.473      18.077
 3  2  6        24       0.469      17.761
 5  0  4        12       0.468      17.737
 4  0  7        12       0.462       0.000
 4  2  3        24       0.461       0.000
 5  1  0        12       0.459      17.032
 2  2  8        12       0.458      16.992
 5  1  1        24       0.457       0.000
 4  1  6        24       0.454      16.628
 3  3  4        12       0.453      16.606
 3  1  8        24       0.451      16.441
 5  1  2        24       0.450      16.376
 5  0  5        12       0.448       0.000
 4  2  4        24       0.446      16.068
 3  2  7        24       0.441       0.000
 5  1  3        24       0.440       0.000
 4  0  8        12       0.431      14.894
 4  2  5        24       0.429       0.000
 4  1  7        24       0.428       0.000
 5  0  6        12       0.427      14.576
 5  1  4        24       0.427      14.557
 6  0  0         6       0.426      14.446
 6  0  1        12       0.424       0.000
 4  3  0        12       0.420      13.978
 6  0  2        12       0.419      13.890
 4  3  1        24       0.418       0.000
 3  3  6        12       0.416      13.647
 3  2  8        24       0.414      13.493
 4  3  2        24       0.413      13.440
 5  1  5        24       0.412       0.000
 6  0  3        12       0.411       0.000
 4  2  6        24       0.411      13.205
 5  2  0        12       0.409      13.087
 5  2  1        24       0.408       0.000
 5  0  7        12       0.406       0.000
 4  3  3        24       0.406       0.000
 4  1  8        24       0.404      12.633
 5  2  2        24       0.403      12.583
 6  0  4        12       0.400      12.347
 5  2  3        24       0.396       0.000
 5  1  6        24       0.395      11.962
 4  3  4        24       0.395      11.947
 4  2  7        24       0.391       0.000
 6  1  0        12       0.390      11.471
 6  1  1        24       0.388       0.000
 6  0  5        12       0.388       0.000
 5  2  4        24       0.386      11.185
 5  0  8        12       0.385      11.074
 6  1  2        24       0.384      11.030
 4  3  5        24       0.383       0.000
 5  1  7        24       0.378       0.000
 6  1  3        24       0.378       0.000
 3  3  8        12       0.376      10.368
 5  2  5        24       0.375       0.000
 6  0  6        12       0.374      10.146
 4  2  8        24       0.372      10.032
 4  3  6        24       0.370       9.817
 6  1  4        24       0.370       9.804
 4  4  0         6       0.369       9.730
 5  3  0        12       0.365       9.414
 7  0  0         6       0.365       9.414
 4  4  2        12       0.364       9.355
 5  3  1        24       0.364       0.000
 7  0  1        12       0.364       0.000
 5  2  6        24       0.362       9.191
 5  1  8        24       0.361       9.088
 7  0  2        12       0.361       9.052
 5  3  2        24       0.361       9.052
 6  1  5        24       0.360       0.000
 6  0  7        12       0.359       0.000
 4  3  7        24       0.356       0.000
 5  3  3        24       0.355       0.000
 7  0  3        12       0.355       0.000
 6  2  0        12       0.354       8.529
 6  2  1        24       0.353       0.000
 4  4  4        12       0.352       8.316
 6  2  2        24       0.350       8.200
 5  2  7        24       0.349       0.000
 6  1  6        24       0.349       8.057
 7  0  4        12       0.348       8.046
 5  3  4        24       0.348       8.046
 6  2  3        24       0.345       0.000
 6  0  8        12       0.344       7.708
 4  3  8        24       0.341       7.458
 5  3  5        24       0.340       0.000
 7  0  5        12       0.340       0.000
 6  2  4        24       0.339       7.289
 7  1  0        12       0.338       7.234
 7  1  1        24       0.338       0.000
 6  1  7        24       0.337       0.000
 5  2  8        24       0.335       6.983
 7  1  2        24       0.335       6.955
 4  4  6        12       0.333       6.834
 6  2  5        24       0.331       0.000
 7  1  3        24       0.331       0.000
 7  0  6        12       0.331       6.612
 5  3  6        24       0.331       6.612
 5  4  0        12       0.327       6.341
 5  4  1        24       0.326       0.000
 7  1  4        24       0.325       6.183
 6  1  8        24       0.324       6.121
 5  4  2        24       0.324       6.097
 6  2  6        24       0.323       5.990
 6  3  0        12       0.322       5.937
 6  3  1        24       0.321       0.000
 7  0  7        12       0.320       0.000
 5  3  7        24       0.320       0.000
 5  4  3        24       0.320       0.000
 8  0  0         6       0.319       5.744
 6  3  2        24       0.319       5.708
 8  0  1        12       0.319       0.000
 7  1  5        24       0.318       0.000
 8  0  2        12       0.316       5.523
 6  3  3        24       0.315       0.000
 5  4  4        24       0.315       5.419
 6  2  7        24       0.313       0.000
 8  0  3        12       0.313       0.000
 7  2  0        12       0.312       5.204
 4  4  8        12       0.312       5.192
 7  2  1        24       0.311       0.000
 7  1  6        24       0.310       5.081
 6  3  4        24       0.310       5.074
 7  0  8        12       0.310       5.023
 5  3  8        24       0.310       5.023
 7  2  2        24       0.309       5.004
 5  4  5        24       0.309       0.000
 8  0  4        12       0.308       4.910
 7  2  3        24       0.306       0.000
 6  3  5        24       0.304       0.000
 6  2  8        24       0.303       4.551
 8  0  5        12       0.302       0.000
 7  1  7        24       0.302       0.000
 5  4  6        24       0.302       4.454
 7  2  4        24       0.302       4.448
 8  1  0        12       0.299       4.271
 8  1  1        24       0.298       0.000
 6  3  6        24       0.298       4.170
 8  1  2        24       0.297       4.106
 7  2  5        24       0.296       0.000
 8  0  6        12       0.296       4.035
 5  5  0         6       0.295       3.999
 5  4  7        24       0.294       0.000
 8  1  3        24       0.294       0.000
 6  4  0        12       0.293       3.869
 7  1  8        24       0.293       3.860
 5  5  2        12       0.293       3.845
 6  4  1        24       0.292       0.000
 6  4  2        24       0.291       3.720
 6  3  7        24       0.290       0.000
 7  2  6        24       0.290       3.655
 8  1  4        24       0.290       3.650
 8  0  7        12       0.288       0.000
 6  4  3        24       0.288       0.000
 7  3  0        12       0.287       3.505
 7  3  1        24       0.287       0.000
 5  5  4        12       0.286       3.417
 5  4  8        24       0.286       3.383
 7  3  2        24       0.285       3.370
 8  1  5        24       0.285       0.000
 6  4  4        24       0.284       3.307
 7  2  7        24       0.283       0.000
 7  3  3        24       0.283       0.000
 6  3  8        24       0.282       3.168
 8  0  8        12       0.280       3.065
 6  4  5        24       0.280       0.000
 8  1  6        24       0.279       3.000
 7  3  4        24       0.279       2.996
 8  2  0        12       0.279       2.973
 8  2  1        24       0.278       0.000
 8  2  2        24       0.277       2.858
 5  5  6        12       0.276       2.808
 7  2  8        24       0.275       2.777
 7  3  5        24       0.275       0.000
 8  2  3        24       0.274       0.000
 6  4  6        24       0.274       2.717
 8  1  7        24       0.273       0.000
 8  2  4        24       0.271       2.541
 7  3  6        24       0.270       2.462
 6  4  7        24       0.268       0.000
 6  5  0        12       0.268       2.361
 6  5  1        24       0.267       0.000
 8  2  5        24       0.267       0.000
 8  1  8        24       0.266       2.279
 6  5  2        24       0.266       2.270
 7  4  0        12       0.265       2.210
 7  4  1        24       0.264       0.000
 7  3  7        24       0.264       0.000
 6  5  3        24       0.264       0.000
 5  5  8        12       0.263       2.134
 7  4  2        24       0.263       2.125
 8  2  6        24       0.262       2.088
 6  4  8        24       0.262       2.064
 7  4  3        24       0.261       0.000
 6  5  4        24       0.261       2.018
 8  3  0        12       0.259       1.937
 8  3  1        24       0.259       0.000
 7  4  4        24       0.258       1.889
 7  3  8        24       0.258       1.870
 8  3  2        24       0.258       1.863
 6  5  5        24       0.257       0.000
 8  2  7        24       0.257       0.000
 8  3  3        24       0.256       0.000
 7  4  5        24       0.255       0.000
 6  5  6        24       0.253       1.658
 8  3  4        24       0.253       1.656
 8  2  8        24       0.252       1.586
 7  4  6        24       0.251       1.552
 8  3  5        24       0.250       0.000
 6  5  7        24       0.249       0.000
 7  4  7        24       0.246       0.000
 8  3  6        24       0.246       1.361
 6  6  0         6       0.246       1.349
 7  5  0        12       0.245       1.305
 6  6  2        12       0.244       1.297
 7  5  1        24       0.244       0.000
 6  5  8        24       0.244       1.260
 7  5  2        24       0.243       1.255
 8  3  7        24       0.242       0.000
 7  5  3        24       0.242       0.000
 8  4  0        12       0.241       1.182
 7  4  8        24       0.241       1.179
 8  4  1        24       0.241       0.000
 6  6  4        12       0.241       1.153
 8  4  2        24       0.240       1.137
 7  5  4        24       0.240       1.115
 8  4  3        24       0.239       0.000
 8  3  8        24       0.237       1.034
 7  5  5        24       0.237       0.000
 8  4  4        24       0.236       1.010
 6  6  6        12       0.234       0.947
 8  4  5        24       0.234       0.000
 7  5  6        24       0.233       0.917
 8  4  6        24       0.231       0.830
 7  5  7        24       0.230       0.000
 8  4  7        24       0.227       0.000
 7  6  0        12       0.227       0.721
 6  6  8        12       0.227       0.720
 7  6  1        24       0.226       0.000
 7  5  8        24       0.226       0.696
 7  6  2        24       0.226       0.694
 8  5  0        12       0.225       0.675
 8  5  1        24       0.225       0.000
 7  6  3        24       0.224       0.000
 8  5  2        24       0.224       0.649
 8  4  8        24       0.223       0.631
 8  5  3        24       0.223       0.000
 7  6  4        24       0.223       0.616
 8  5  4        24       0.221       0.577
 7  6  5        24       0.220       0.000
 8  5  5        24       0.219       0.000
 7  6  6        24       0.218       0.507
 8  5  6        24       0.216       0.474
 7  6  7        24       0.215       0.000
 8  5  7        24       0.213       0.000
 7  6  8        24       0.211       0.385
 7  7  0         6       0.211       0.373
 8  6  0        12       0.210       0.361
 8  5  8        24       0.210       0.360
 7  7  2        12       0.210       0.359
 8  6  1        24       0.210       0.000
 8  6  2        24       0.209       0.347
 8  6  3        24       0.208       0.000
 7  7  4        12       0.207       0.319
 8  6  4        24       0.207       0.309
 8  6  5        24       0.205       0.000
 7  7  6        12       0.203       0.262
 8  6  6        24       0.203       0.254
 8  6  7        24       0.200       0.000
 7  7  8        12       0.198       0.199
 8  6  8        24       0.198       0.193
 8  7  0        12       0.197       0.181
 8  7  1        24       0.196       0.000
 8  7  2        24       0.196       0.174
 8  7  3        24       0.195       0.000
 8  7  4        24       0.194       0.155
 8  7  5        24       0.192       0.000
 8  7  6        24       0.191       0.127
 8  7  7        24       0.189       0.000
 8  7  8        24       0.186       0.097
 8  8  0         6       0.184       0.085
 8  8  2        12       0.184       0.082
 8  8  4        12       0.182       0.072
 8  8  6        12       0.179       0.060
 8  8  8        12       0.176       0.045
